# Camera: 	px   	py   	pz 	        lx  	ly  	lz      ux  	uy  	uz 	sc_dist	sc_width
cam 	  	30  	 70	     60    	     14   	0   	6   	0   	0   	1  	1.4	    1
# Settings: 	bgr  	bgg  	bgb	sh_rays	rec_max SS  frames_num  frames_per_sec
set 		    0  	    0 	    0     	3 	2       1   72          24

# Material:	dr    	dg    	db	sr   	sg   	sb 	rr   	rg  	rb	phong 	trans
mtl		0.925	0.25	0.196	1	1	1	0.2	0.1	0.1	30	0
mtl		0.97	0.9	0.247	    1	1	1	0.2	0.1	0.1	30	0
mtl		0.247	0.525	0.956	1	1	1	0.2	0.1	0.1	30	0
mtl		1	    0.55	0	    1	1	1	0.2	0.1	0.1	30	0
mtl		0.57	0.82	0.3	    1	1	1	0.2	0.1	0.1	30	0
mtl		0.3	0.8	0	0	0	0	0.9	0.9	0.9	100	0
mtl		0	0	0	0	0	0	0	0	0	1	0
#mtl		0.1	0.1	0.1	1	1	1	0.1	0.1	0.1	30	0
#mtl		0.7	0.0	0.7	0	0	0	0	0	0	1	0
# Mirror Mat: 	dr   	dg   	db   	sr   	sg   	sb   	rr   	rg   	rb   	phong 	trans
mtl		0	0	0	1	1	1	0.9	0.9	0.9	100	0
# Transparent:	dr    	dg    	db	sr   	sg   	sb 	rr   	rg  	rb	phong 	trans
#mtl		0.4  	1  	0.4  	0.5  	0.8  	0.5   	0    	0.1    	0.03   	10    	0.5
#mtl		1  	0.4  	0.4  	0.8  	0.5  	0.5   	0.1    	0.03    0	10    	0.5
#mtl		0.4  	0.4  	1  	0.5  	0.5  	0.8   	0    	0.03    0.1	10    	0.5
#mtl		0.5	0.5	0.5	1	1	0	0	0	0	10	0.5

# Plane:		nx	ny	nz	offset	mat_idx
pln		0	0	1	-3 8
pln		0	0	1	100	7

# Triangles:	p0   	p1   	p2  ...  	 	                                                                        mat_idx
pol             4 0.01 0     11 0.02 6   7 0.03 8       5 0.04 4                                          1
pol             0 0.01 6 8 0.02 12    7 0.03 8       5 0.04 4                                          1
pol             9.5 0 0     9.5 0.1 0.5  14.5 0.12 6   9.5 0.13 12  8.5 0.13 8    12.5 0.12 6   5.5 0.1 0.5     5.5 0 0      2
pol             19.5 0 0    15 0.1 5.5    10.5 0.12 0.5    10.5 0.11 0                                                     3
pol             19.5 0 12   15 0.1 6.5    10.5 0.12 12                                                                    3
pol             20.5 0.01 0     20.5 0.02 2    22 0.03 0    22 0.04 5.6   17 0.05 6   16 0.06 6                           4
pol             17 0.01 6   22 0.02 6.4   22 0.03 12    20.5 0.04 10    20.5 0.05 12    16 0.06 6                         4
pol             18 0.01 6   27 0.02 5.6   27 0.03 6.4                                                                     5
pol             23 0.01 12   28 0.02 11   23 0.03 5.6                                                                     5
pol             23 0.01 0   28 0.02 1   23 0.03 6.4                                                                     5



# Spheres

# Lights:	px	py	pz	r	g	b	spec	shadow	width
#lgt		0	10	0	0.5	0.5	0.3	1	0.9	1
#lgt		-10	10	-10	0.5	0.5	0.3	1	0.9	1
#lgt		-10	10	10	0.5	0.5	0.3	1	0.9	1
#lgt		10	10	-10	0.5	0.5	0.3	1	0.9	1
#lgt		10	10	10	0.5	0.5	0.3	1	0.9	1
#lgt		0	-10	0	0.5	0.5	0.3	1	0.9	1


lgt		    40	 50	20	0.5	0.5	0.5	 0.1	0.9	1
lgt		    -20	 50	20	0.5	0.5	0.5	 0.1	0.9	1
#lgt		    0	 50	20	0.2	0.2	0.2	 0.1  0.9	1
#lgt		    5	 50	20	0.2	0.2	0.2	 0.1   0.9	1

# Lights:	px	    py  pz	    r	     g	    b	            spec	shadow	width
lgt		    3.4     -2  6	    0.925    0.25   0.196	        0.1     0.9	    1
lgt		    7.5     -2  6	    0.97     0.9    0.247		    0.1     0.9	    1
lgt		    14.5    -2  6	    0.247    0.525  0.956	        0.1     0.9	    1
lgt		    21      -2  6	    1  0.55         0	       		0.1     0.9	    1
lgt		    25      -2  6	    0.57     0.82   0.3	        	0.1     0.9	    1

#lgt		    3.4	 2	6	   0.925	0.25	0.196	        0.1   0.9	 1
#lgt		    7.5	 2	6	   0.97	    0.9	    0.247		    0.1   0.9	 1
#lgt		    14.5 2	6	   0.247	0.525	0.956	        0.1   0.9	 1
#lgt		    21	 2	6	   1	    0.55	0	       		0.1   0.9	 1
#lgt		    25   2	6	   0.57	    0.82	0.3	        	0.1   0.9	 1

#lgt		    30	 10	10	0.5	0.5	0.5	1	0.9	1
#lgt		    -3	 3	0	0.5	0.5	0.5	1	0.9	1
